MEME version 4.9.1 (Release date: Fri Aug 23 16:49:42 2013 +1000)

ALPHABET= ACDEFGHIKLMNPQRSTVWY

Background letter frequencies (from dataset with add-one prior applied):
A 0.046 C 0.030 D 0.030 E 0.042 F 0.066 G 0.035 H 0.019 I 0.120 K 0.052 
L 0.117 M 0.039 N 0.049 P 0.024 Q 0.033 R 0.036 S 0.070 T 0.060 V 0.064 
W 0.013 Y 0.052 

MOTIF AfOr_Motif1
letter-probability matrix: alength= 20 w= 21 nsites= 120 E= 2.9e-941 
 0.025000  0.125000  0.000000  0.025000  0.000000  0.000000  0.016667  0.033333  0.458333  0.041667  0.000000  0.016667  0.000000  0.025000  0.033333  0.050000  0.083333  0.000000  0.000000  0.066667 
 0.000000  0.008333  0.000000  0.000000  0.050000  0.000000  0.000000  0.166667  0.000000  0.608333  0.108333  0.000000  0.000000  0.000000  0.000000  0.000000  0.000000  0.058333  0.000000  0.000000 
 0.000000  0.000000  0.000000  0.000000  0.000000  0.000000  0.000000  0.000000  0.016667  0.008333  0.000000  0.008333  0.000000  0.000000  0.008333  0.125000  0.833333  0.000000  0.000000  0.000000 
 0.816667  0.008333  0.000000  0.000000  0.016667  0.083333  0.000000  0.008333  0.000000  0.000000  0.000000  0.000000  0.000000  0.000000  0.000000  0.025000  0.008333  0.033333  0.000000  0.000000 
 0.091667  0.050000  0.000000  0.000000  0.008333  0.725000  0.000000  0.000000  0.008333  0.008333  0.000000  0.050000  0.000000  0.000000  0.016667  0.016667  0.000000  0.008333  0.000000  0.016667 
 0.008333  0.000000  0.000000  0.000000  0.000000  0.300000  0.008333  0.000000  0.475000  0.000000  0.000000  0.108333  0.000000  0.008333  0.075000  0.000000  0.000000  0.000000  0.000000  0.016667 
 0.000000  0.000000  0.000000  0.000000  0.333333  0.000000  0.000000  0.291667  0.000000  0.241667  0.075000  0.000000  0.000000  0.000000  0.000000  0.000000  0.000000  0.050000  0.000000  0.008333 
 0.008333  0.008333  0.000000  0.000000  0.258333  0.000000  0.000000  0.250000  0.000000  0.033333  0.050000  0.000000  0.000000  0.000000  0.000000  0.016667  0.025000  0.250000  0.000000  0.100000 
 0.041667  0.008333  0.250000  0.175000  0.016667  0.008333  0.033333  0.025000  0.008333  0.000000  0.008333  0.058333  0.141667  0.016667  0.000000  0.025000  0.100000  0.083333  0.000000  0.000000 
 0.000000  0.000000  0.000000  0.000000  0.025000  0.000000  0.000000  0.075000  0.000000  0.408333  0.258333  0.000000  0.000000  0.000000  0.000000  0.000000  0.000000  0.233333  0.000000  0.000000 
 0.000000  0.016667  0.008333  0.000000  0.000000  0.000000  0.008333  0.000000  0.008333  0.000000  0.000000  0.200000  0.000000  0.000000  0.000000  0.741667  0.016667  0.000000  0.000000  0.000000 
 0.008333  0.000000  0.000000  0.000000  0.008333  0.000000  0.000000  0.166667  0.000000  0.575000  0.133333  0.000000  0.000000  0.000000  0.000000  0.000000  0.008333  0.100000  0.000000  0.000000 
 0.016667  0.000000  0.050000  0.383333  0.025000  0.000000  0.008333  0.108333  0.000000  0.025000  0.000000  0.041667  0.000000  0.083333  0.016667  0.100000  0.050000  0.025000  0.000000  0.066667 
 0.016667  0.000000  0.000000  0.000000  0.008333  0.008333  0.000000  0.008333  0.000000  0.025000  0.000000  0.066667  0.000000  0.000000  0.000000  0.141667  0.716667  0.008333  0.000000  0.000000 
 0.000000  0.008333  0.000000  0.000000  0.783333  0.000000  0.000000  0.000000  0.000000  0.000000  0.000000  0.000000  0.000000  0.000000  0.000000  0.041667  0.000000  0.000000  0.000000  0.166667 
 0.108333  0.033333  0.000000  0.000000  0.000000  0.266667  0.000000  0.008333  0.016667  0.033333  0.033333  0.008333  0.000000  0.000000  0.000000  0.116667  0.325000  0.050000  0.000000  0.000000 
 0.100000  0.000000  0.175000  0.050000  0.000000  0.016667  0.000000  0.066667  0.075000  0.000000  0.000000  0.208333  0.000000  0.025000  0.016667  0.175000  0.075000  0.016667  0.000000  0.000000 
 0.016667  0.000000  0.000000  0.000000  0.000000  0.000000  0.000000  0.466667  0.000000  0.041667  0.050000  0.000000  0.000000  0.000000  0.000000  0.000000  0.050000  0.375000  0.000000  0.000000 
 0.025000  0.008333  0.000000  0.000000  0.058333  0.000000  0.000000  0.225000  0.000000  0.408333  0.108333  0.000000  0.000000  0.016667  0.000000  0.000000  0.000000  0.150000  0.000000  0.000000 
 0.000000  0.000000  0.000000  0.000000  0.000000  0.008333  0.000000  0.000000  0.783333  0.000000  0.000000  0.000000  0.000000  0.008333  0.000000  0.200000  0.000000  0.000000  0.000000  0.000000 
 0.141667  0.000000  0.000000  0.000000  0.000000  0.000000  0.000000  0.025000  0.000000  0.016667  0.025000  0.000000  0.000000  0.000000  0.008333  0.100000  0.650000  0.033333  0.000000  0.000000 

MOTIF AfOr_Motif2
letter-probability matrix: alength= 20 w= 21 nsites= 142 E= 5.8e-744 
 0.021127  0.035211  0.000000  0.000000  0.330986  0.000000  0.000000  0.147887  0.000000  0.260563  0.084507  0.000000  0.000000  0.000000  0.000000  0.000000  0.007042  0.049296  0.007042  0.056338 
 0.246479  0.063380  0.000000  0.000000  0.014085  0.007042  0.000000  0.112676  0.000000  0.042254  0.021127  0.084507  0.000000  0.000000  0.000000  0.133803  0.077465  0.197183  0.000000  0.000000 
 0.035211  0.070423  0.000000  0.000000  0.056338  0.000000  0.084507  0.049296  0.000000  0.260563  0.070423  0.000000  0.000000  0.063380  0.000000  0.028169  0.070423  0.098592  0.000000  0.112676 
 0.000000  0.000000  0.000000  0.000000  0.014085  0.000000  0.887324  0.007042  0.000000  0.000000  0.000000  0.007042  0.000000  0.028169  0.000000  0.000000  0.007042  0.000000  0.000000  0.049296 
 0.338028  0.035211  0.000000  0.007042  0.000000  0.035211  0.000000  0.161972  0.000000  0.147887  0.056338  0.007042  0.007042  0.000000  0.000000  0.021127  0.084507  0.098592  0.000000  0.000000 
 0.140845  0.535211  0.000000  0.000000  0.000000  0.077465  0.000000  0.021127  0.000000  0.021127  0.000000  0.007042  0.000000  0.000000  0.000000  0.105634  0.014085  0.042254  0.007042  0.028169 
 0.042254  0.042254  0.000000  0.007042  0.000000  0.640845  0.000000  0.014085  0.000000  0.000000  0.042254  0.007042  0.000000  0.000000  0.035211  0.112676  0.007042  0.028169  0.000000  0.021127 
 0.000000  0.000000  0.000000  0.000000  0.007042  0.000000  0.007042  0.000000  0.021127  0.302817  0.035211  0.000000  0.000000  0.619718  0.000000  0.000000  0.000000  0.000000  0.000000  0.007042 
 0.000000  0.007042  0.000000  0.000000  0.408451  0.000000  0.000000  0.133803  0.000000  0.359155  0.042254  0.000000  0.000000  0.007042  0.000000  0.000000  0.000000  0.042254  0.000000  0.000000 
 0.098592  0.000000  0.098592  0.105634  0.000000  0.000000  0.021127  0.000000  0.176056  0.000000  0.000000  0.049296  0.000000  0.133803  0.147887  0.035211  0.126761  0.000000  0.000000  0.007042 
 0.014085  0.000000  0.000000  0.000000  0.000000  0.007042  0.007042  0.704225  0.000000  0.028169  0.028169  0.007042  0.000000  0.000000  0.000000  0.000000  0.014085  0.190141  0.000000  0.000000 
 0.063380  0.056338  0.000000  0.000000  0.021127  0.000000  0.000000  0.140845  0.000000  0.450704  0.119718  0.000000  0.000000  0.028169  0.000000  0.035211  0.035211  0.049296  0.000000  0.000000 
 0.007042  0.035211  0.000000  0.014085  0.000000  0.112676  0.007042  0.077465  0.070423  0.007042  0.112676  0.035211  0.000000  0.098592  0.098592  0.161972  0.063380  0.098592  0.000000  0.000000 
 0.063380  0.007042  0.014085  0.014085  0.021127  0.000000  0.140845  0.035211  0.028169  0.042254  0.000000  0.112676  0.000000  0.028169  0.035211  0.056338  0.091549  0.028169  0.000000  0.281690 
 0.007042  0.000000  0.000000  0.070423  0.000000  0.007042  0.014085  0.014085  0.154930  0.000000  0.000000  0.021127  0.000000  0.049296  0.450704  0.000000  0.000000  0.000000  0.211268  0.000000 
 0.007365  0.000212  0.000214  0.007341  0.106101  0.000248  0.000134  0.360003  0.000366  0.345896  0.056609  0.000343  0.000168  0.000230  0.000254  0.007538  0.000426  0.070877  0.000094  0.035580 
 0.063380  0.007042  0.035211  0.147887  0.000000  0.007042  0.000000  0.021127  0.161972  0.014085  0.021127  0.091549  0.000000  0.154930  0.112676  0.091549  0.049296  0.021127  0.000000  0.000000 
 0.007042  0.000000  0.098592  0.204225  0.000000  0.000000  0.105634  0.000000  0.253521  0.000000  0.000000  0.218310  0.007042  0.021127  0.028169  0.014085  0.028169  0.000000  0.000000  0.014085 
 0.070423  0.000000  0.000000  0.000000  0.126761  0.000000  0.000000  0.267606  0.000000  0.387324  0.007042  0.007042  0.000000  0.000000  0.000000  0.014085  0.042254  0.063380  0.000000  0.014085 
 0.028169  0.077465  0.014085  0.007042  0.035211  0.021127  0.014085  0.176056  0.028169  0.035211  0.021127  0.007042  0.028169  0.007042  0.000000  0.070423  0.105634  0.295775  0.021127  0.007042 
 0.035211  0.007042  0.232394  0.091549  0.007042  0.014085  0.014085  0.035211  0.091549  0.000000  0.000000  0.239437  0.007042  0.014085  0.028169  0.077465  0.084507  0.021127  0.000000  0.000000 

MOTIF AfOr_Motif3
letter-probability matrix: alength= 20 w= 15 nsites= 157 E= 1.7e-628 
 0.222930  0.070064  0.000000  0.000000  0.006369  0.000000  0.000000  0.165605  0.000000  0.101911  0.006369  0.000000  0.000000  0.000000  0.006369  0.095541  0.057325  0.242038  0.000000  0.025478 
 0.000000  0.012739  0.000000  0.000000  0.101911  0.000000  0.006369  0.038217  0.000000  0.006369  0.000000  0.019108  0.000000  0.000000  0.000000  0.019108  0.006369  0.006369  0.000000  0.783439 
 0.019108  0.019108  0.063694  0.127389  0.044586  0.012739  0.019108  0.063694  0.019108  0.000000  0.242038  0.159236  0.000000  0.000000  0.000000  0.114650  0.082803  0.006369  0.000000  0.006369 
 0.070064  0.044586  0.000000  0.006369  0.019108  0.050955  0.000000  0.197452  0.000000  0.089172  0.031847  0.000000  0.006369  0.000000  0.000000  0.267516  0.184713  0.031847  0.000000  0.000000 
 0.006369  0.006369  0.152866  0.089172  0.012739  0.000000  0.019108  0.031847  0.038217  0.095541  0.044586  0.178344  0.089172  0.012739  0.006369  0.025478  0.108280  0.050955  0.019108  0.012739 
 0.000000  0.000000  0.000000  0.000000  0.000000  0.000000  0.000000  0.000000  0.000000  0.000000  0.000000  0.000000  0.000000  0.000000  0.000000  0.000000  0.000000  0.000000  1.000000  0.000000 
 0.006369  0.000000  0.000000  0.000000  0.012739  0.000000  0.012739  0.025478  0.000000  0.000000  0.000000  0.000000  0.012739  0.000000  0.000000  0.019108  0.076433  0.012739  0.000000  0.821656 
 0.000000  0.006369  0.076433  0.101911  0.063694  0.019108  0.031847  0.044586  0.089172  0.019108  0.000000  0.082803  0.000000  0.070064  0.229299  0.050955  0.050955  0.006369  0.000000  0.057325 
 0.012739  0.000000  0.000000  0.000000  0.063694  0.031847  0.000000  0.076433  0.000000  0.503185  0.089172  0.000000  0.000000  0.095541  0.012739  0.012739  0.025478  0.057325  0.006369  0.012739 
 0.006369  0.000000  0.031847  0.012739  0.012739  0.000000  0.006369  0.000000  0.025478  0.000000  0.006369  0.019108  0.592357  0.006369  0.025478  0.178344  0.076433  0.000000  0.000000  0.000000 
 0.025478  0.006369  0.057325  0.025478  0.000000  0.095541  0.006369  0.057325  0.050955  0.197452  0.127389  0.031847  0.089172  0.000000  0.000000  0.057325  0.050955  0.095541  0.012739  0.012739 
 0.006369  0.000000  0.089172  0.070064  0.006369  0.000000  0.006369  0.025478  0.464968  0.000000  0.006369  0.140127  0.006369  0.006369  0.140127  0.006369  0.019108  0.000000  0.000000  0.006369 
 0.050955  0.000000  0.114650  0.101911  0.006369  0.000000  0.006369  0.101911  0.216561  0.019108  0.089172  0.025478  0.000000  0.000000  0.006369  0.006369  0.127389  0.108280  0.000000  0.019108 
 0.146497  0.000000  0.000000  0.000000  0.050955  0.000000  0.000000  0.171975  0.089172  0.006369  0.012739  0.006369  0.000000  0.356688  0.031847  0.063694  0.031847  0.012739  0.000000  0.019108 
 0.019108  0.000000  0.006369  0.000000  0.025478  0.114650  0.019108  0.000000  0.356688  0.165605  0.000000  0.006369  0.000000  0.057325  0.165605  0.038217  0.006369  0.006369  0.000000  0.012739 

MOTIF AfOr_Motif4
letter-probability matrix: alength= 20 w= 21 nsites= 158 E= 4.0e-868 
 0.082278  0.000000  0.000000  0.000000  0.018987  0.000000  0.000000  0.348101  0.000000  0.310127  0.056962  0.000000  0.000000  0.000000  0.000000  0.000000  0.126582  0.056962  0.000000  0.000000 
 0.000000  0.000000  0.000000  0.000000  0.683544  0.000000  0.000000  0.012658  0.000000  0.120253  0.000000  0.000000  0.000000  0.000000  0.000000  0.000000  0.000000  0.000000  0.012658  0.170886 
 0.037975  0.006329  0.000000  0.000000  0.063291  0.000000  0.000000  0.354430  0.000000  0.246835  0.158228  0.000000  0.000000  0.000000  0.000000  0.018987  0.012658  0.063291  0.000000  0.037975 
 0.000000  0.044304  0.000000  0.000000  0.246835  0.000000  0.000000  0.158228  0.000000  0.208861  0.012658  0.044304  0.000000  0.000000  0.000000  0.000000  0.000000  0.075949  0.006329  0.202532 
 0.107595  0.468354  0.000000  0.000000  0.006329  0.000000  0.000000  0.000000  0.000000  0.000000  0.006329  0.094937  0.000000  0.000000  0.000000  0.126582  0.189873  0.000000  0.000000  0.000000 
 0.006329  0.006329  0.000000  0.000000  0.050633  0.000000  0.050633  0.044304  0.000000  0.063291  0.006329  0.000000  0.000000  0.000000  0.000000  0.000000  0.000000  0.012658  0.170886  0.588608 
 0.050633  0.018987  0.000000  0.000000  0.012658  0.000000  0.012658  0.316456  0.000000  0.018987  0.025316  0.025316  0.196203  0.018987  0.000000  0.145570  0.044304  0.075949  0.000000  0.037975 
 0.132911  0.132911  0.000000  0.000000  0.000000  0.702532  0.000000  0.018987  0.000000  0.000000  0.000000  0.006329  0.000000  0.000000  0.000000  0.006329  0.000000  0.000000  0.000000  0.000000 
 0.000000  0.000000  0.284810  0.303797  0.000000  0.012658  0.006329  0.000000  0.000000  0.000000  0.000000  0.082278  0.000000  0.310127  0.000000  0.000000  0.000000  0.000000  0.000000  0.000000 
 0.012658  0.063291  0.025316  0.031646  0.044304  0.050633  0.031646  0.202532  0.000000  0.189873  0.031646  0.012658  0.000000  0.018987  0.044304  0.018987  0.006329  0.082278  0.000000  0.132911 
 0.006329  0.000000  0.000000  0.000000  0.000000  0.000000  0.000000  0.088608  0.000000  0.689873  0.075949  0.000000  0.000000  0.000000  0.000000  0.000000  0.000000  0.139241  0.000000  0.000000 
 0.082278  0.000000  0.012658  0.018987  0.031646  0.000000  0.000000  0.310127  0.107595  0.101266  0.050633  0.006329  0.000000  0.012658  0.018987  0.063291  0.132911  0.031646  0.000000  0.018987 
 0.000000  0.000000  0.284810  0.310127  0.012658  0.012658  0.000000  0.012658  0.000000  0.025316  0.000000  0.126582  0.000000  0.056962  0.063291  0.031646  0.037975  0.012658  0.000000  0.012658 
 0.044304  0.000000  0.018987  0.227848  0.000000  0.000000  0.088608  0.000000  0.158228  0.000000  0.088608  0.031646  0.000000  0.202532  0.050633  0.075949  0.006329  0.006329  0.000000  0.000000 
 0.000000  0.196203  0.000000  0.000000  0.000000  0.025316  0.006329  0.000000  0.000000  0.012658  0.000000  0.050633  0.000000  0.000000  0.000000  0.632911  0.063291  0.006329  0.000000  0.006329 
 0.025316  0.000000  0.050633  0.202532  0.018987  0.031646  0.000000  0.056962  0.126582  0.037975  0.050633  0.037975  0.000000  0.050633  0.037975  0.126582  0.063291  0.069620  0.000000  0.012658 
 0.000000  0.000000  0.075949  0.215190  0.006329  0.037975  0.000000  0.012658  0.158228  0.012658  0.012658  0.310127  0.000000  0.037975  0.031646  0.069620  0.018987  0.000000  0.000000  0.000000 
 0.000000  0.000000  0.000000  0.000000  0.056962  0.000000  0.000000  0.417722  0.000000  0.107595  0.018987  0.000000  0.000000  0.000000  0.000000  0.000000  0.006329  0.392405  0.000000  0.000000 
 0.221519  0.006329  0.006329  0.000000  0.120253  0.322785  0.012658  0.006329  0.000000  0.018987  0.012658  0.006329  0.006329  0.006329  0.063291  0.139241  0.018987  0.012658  0.000000  0.018987 
 0.000000  0.000000  0.101266  0.158228  0.000000  0.000000  0.044304  0.025316  0.069620  0.050633  0.006329  0.208861  0.000000  0.101266  0.082278  0.031646  0.056962  0.050633  0.012658  0.000000 
 0.246835  0.000000  0.025316  0.088608  0.006329  0.031646  0.000000  0.075949  0.044304  0.000000  0.088608  0.037975  0.000000  0.000000  0.000000  0.189873  0.088608  0.069620  0.000000  0.006329 

MOTIF AfOr_Motif5
letter-probability matrix: alength= 20 w= 15 nsites= 137 E= 2.5e-571 
 0.036496  0.000000  0.000000  0.051095  0.000000  0.000000  0.014599  0.007299  0.299270  0.007299  0.000000  0.000000  0.000000  0.072993  0.350365  0.051095  0.036496  0.021898  0.000000  0.051095 
 0.007299  0.007299  0.000000  0.000000  0.233577  0.000000  0.000000  0.153285  0.043796  0.021898  0.029197  0.000000  0.065693  0.000000  0.029197  0.021898  0.058394  0.021898  0.270073  0.036496 
 0.000000  0.014599  0.000000  0.000000  0.262774  0.029197  0.000000  0.124088  0.000000  0.291971  0.007299  0.007299  0.007299  0.000000  0.000000  0.021898  0.014599  0.116788  0.007299  0.094891 
 0.007299  0.007299  0.000000  0.000000  0.000000  0.043796  0.000000  0.021898  0.000000  0.613139  0.131387  0.000000  0.000000  0.000000  0.000000  0.160584  0.000000  0.007299  0.000000  0.007299 
 0.007299  0.000000  0.000000  0.000000  0.000000  0.021898  0.007299  0.036496  0.554745  0.029197  0.000000  0.014599  0.007299  0.036496  0.116788  0.043796  0.065693  0.000000  0.036496  0.021898 
 0.007299  0.043796  0.000000  0.000000  0.058394  0.000000  0.000000  0.262774  0.007299  0.160584  0.058394  0.036496  0.160584  0.000000  0.000000  0.058394  0.109489  0.029197  0.000000  0.007299 
 0.043796  0.014599  0.000000  0.000000  0.007299  0.007299  0.000000  0.445255  0.000000  0.153285  0.014599  0.000000  0.000000  0.000000  0.000000  0.021898  0.029197  0.262774  0.000000  0.000000 
 0.014599  0.014599  0.000000  0.000000  0.000000  0.963504  0.000000  0.000000  0.000000  0.000000  0.000000  0.000000  0.000000  0.000000  0.000000  0.007299  0.000000  0.000000  0.000000  0.000000 
 0.145985  0.014599  0.000000  0.000000  0.036496  0.000000  0.007299  0.145985  0.000000  0.277372  0.014599  0.000000  0.000000  0.036496  0.000000  0.021898  0.065693  0.211679  0.000000  0.021898 
 0.000000  0.000000  0.029197  0.000000  0.007299  0.000000  0.000000  0.000000  0.000000  0.000000  0.000000  0.007299  0.000000  0.000000  0.000000  0.000000  0.000000  0.007299  0.927007  0.021898 
 0.000000  0.000000  0.000000  0.000000  0.000000  0.000000  0.000000  0.029197  0.000000  0.043796  0.043796  0.007299  0.846715  0.000000  0.000000  0.000000  0.021898  0.007299  0.000000  0.000000 
 0.087591  0.000000  0.036496  0.007299  0.051095  0.021898  0.000000  0.058394  0.021898  0.160584  0.000000  0.102190  0.021898  0.000000  0.043796  0.080292  0.065693  0.007299  0.007299  0.226277 
 0.058729  0.000220  0.095113  0.051405  0.036981  0.007556  0.007438  0.015478  0.007679  0.030053  0.000281  0.109844  0.080466  0.153523  0.051358  0.197594  0.029638  0.058865  0.000098  0.007682 
 0.021898  0.007299  0.072993  0.036496  0.000000  0.021898  0.000000  0.029197  0.014599  0.072993  0.000000  0.255474  0.065693  0.007299  0.080292  0.182482  0.029197  0.072993  0.000000  0.029197 
 0.007299  0.021898  0.043796  0.021898  0.043796  0.007299  0.014599  0.007299  0.145985  0.000000  0.000000  0.043796  0.058394  0.014599  0.080292  0.291971  0.102190  0.000000  0.007299  0.087591 

MOTIF AfOr_Motif6
letter-probability matrix: alength= 20 w= 21 nsites= 136 E= 3.4e-618 
 0.051471  0.000000  0.051471  0.191176  0.000000  0.000000  0.014706  0.044118  0.257353  0.007353  0.036765  0.007353  0.014706  0.051471  0.198529  0.029412  0.022059  0.007353  0.000000  0.014706 
 0.007353  0.000000  0.000000  0.000000  0.176471  0.000000  0.000000  0.367647  0.000000  0.352941  0.029412  0.000000  0.000000  0.000000  0.000000  0.000000  0.000000  0.066176  0.000000  0.000000 
 0.125000  0.022059  0.007353  0.007353  0.007353  0.073529  0.044118  0.073529  0.279412  0.000000  0.036765  0.000000  0.000000  0.000000  0.058824  0.095588  0.014706  0.080882  0.000000  0.073529 
 0.066176  0.000000  0.088235  0.080882  0.029412  0.022059  0.022059  0.029412  0.110294  0.044118  0.007353  0.117647  0.007353  0.051471  0.110294  0.080882  0.022059  0.080882  0.000000  0.029412 
 0.014706  0.235294  0.000000  0.000000  0.014706  0.000000  0.007353  0.455882  0.000000  0.029412  0.000000  0.007353  0.000000  0.000000  0.000000  0.051471  0.000000  0.132353  0.007353  0.044118 
 0.007353  0.000000  0.000000  0.000000  0.000000  0.000000  0.000000  0.375000  0.000000  0.022059  0.000000  0.000000  0.000000  0.000000  0.000000  0.000000  0.000000  0.595588  0.000000  0.000000 
 0.000000  0.007353  0.139706  0.235294  0.000000  0.000000  0.014706  0.088235  0.161765  0.014706  0.007353  0.029412  0.000000  0.066176  0.169118  0.014706  0.014706  0.029412  0.000000  0.007353 
 0.044118  0.000000  0.029412  0.022059  0.007353  0.007353  0.227941  0.117647  0.051471  0.029412  0.029412  0.022059  0.000000  0.169118  0.095588  0.014706  0.022059  0.014706  0.000000  0.095588 
 0.000000  0.000000  0.000000  0.000000  0.000000  0.000000  0.911765  0.000000  0.000000  0.000000  0.000000  0.000000  0.000000  0.080882  0.000000  0.000000  0.000000  0.000000  0.000000  0.007353 
 0.000000  0.007353  0.044118  0.014706  0.000000  0.000000  0.000000  0.029412  0.066176  0.169118  0.036765  0.169118  0.000000  0.257353  0.007353  0.007353  0.066176  0.102941  0.007353  0.014706 
 0.095588  0.000000  0.029412  0.095588  0.000000  0.000000  0.051471  0.000000  0.147059  0.014706  0.000000  0.007353  0.000000  0.125000  0.345588  0.029412  0.051471  0.000000  0.000000  0.007353 
 0.227941  0.014706  0.000000  0.000000  0.000000  0.000000  0.000000  0.455882  0.000000  0.191176  0.000000  0.000000  0.000000  0.000000  0.007353  0.000000  0.029412  0.073529  0.000000  0.000000 
 0.007353  0.000000  0.000000  0.000000  0.000000  0.000000  0.000000  0.441176  0.095588  0.375000  0.000000  0.007353  0.000000  0.000000  0.007353  0.007353  0.007353  0.036765  0.000000  0.014706 
 0.029412  0.000000  0.029412  0.205882  0.000000  0.029412  0.014706  0.014706  0.183824  0.007353  0.000000  0.066176  0.000000  0.088235  0.161765  0.125000  0.014706  0.014706  0.007353  0.007353 
 0.007353  0.007353  0.000000  0.000000  0.566176  0.007353  0.014706  0.000000  0.000000  0.147059  0.000000  0.000000  0.000000  0.000000  0.000000  0.000000  0.000000  0.007353  0.000000  0.242647 
 0.080882  0.132353  0.000000  0.000000  0.007353  0.007353  0.000000  0.205882  0.000000  0.235294  0.000000  0.000000  0.000000  0.000000  0.007353  0.132353  0.022059  0.088235  0.000000  0.080882 
 0.139706  0.000000  0.080882  0.161765  0.000000  0.029412  0.000000  0.007353  0.110294  0.000000  0.000000  0.272059  0.000000  0.036765  0.051471  0.036765  0.051471  0.007353  0.007353  0.007353 
 0.022059  0.000000  0.036765  0.029412  0.007353  0.022059  0.014706  0.110294  0.132353  0.147059  0.036765  0.125000  0.000000  0.029412  0.139706  0.007353  0.044118  0.044118  0.014706  0.036765 
 0.044118  0.000000  0.000000  0.000000  0.007353  0.007353  0.000000  0.279412  0.000000  0.301471  0.036765  0.000000  0.000000  0.000000  0.000000  0.007353  0.154412  0.161765  0.000000  0.000000 
 0.014706  0.000000  0.073529  0.602941  0.000000  0.022059  0.000000  0.058824  0.022059  0.000000  0.000000  0.095588  0.000000  0.036765  0.014706  0.000000  0.036765  0.022059  0.000000  0.000000 
 0.051471  0.000000  0.088235  0.139706  0.000000  0.000000  0.095588  0.007353  0.132353  0.014706  0.007353  0.227941  0.000000  0.073529  0.029412  0.058824  0.044118  0.007353  0.000000  0.022059 

MOTIF AfOr_Motif7
letter-probability matrix: alength= 20 w= 21 nsites= 44 E= 7.9e-438 
 0.000000  0.886364  0.000000  0.000000  0.000000  0.068182  0.000000  0.045455  0.000000  0.000000  0.000000  0.000000  0.000000  0.000000  0.000000  0.000000  0.000000  0.000000  0.000000  0.000000 
 0.000000  0.000000  0.000000  0.000000  0.022727  0.000000  0.000000  0.704545  0.000000  0.090909  0.000000  0.000000  0.000000  0.000000  0.000000  0.000000  0.000000  0.181818  0.000000  0.000000 
 0.000000  0.000000  0.068182  0.681818  0.000000  0.000000  0.000000  0.000000  0.159091  0.000000  0.045455  0.045455  0.000000  0.000000  0.000000  0.000000  0.000000  0.000000  0.000000  0.000000 
 0.000000  0.045455  0.000000  0.068182  0.000000  0.000000  0.568182  0.000000  0.000000  0.022727  0.000000  0.000000  0.000000  0.159091  0.136364  0.000000  0.000000  0.000000  0.000000  0.000000 
 0.000000  0.000000  0.000000  0.000000  0.000000  0.000000  0.000000  0.477273  0.000000  0.022727  0.363636  0.000000  0.000000  0.000000  0.000000  0.000000  0.000000  0.136364  0.000000  0.000000 
 0.000000  0.022727  0.000000  0.568182  0.045455  0.000000  0.000000  0.000000  0.068182  0.000000  0.000000  0.000000  0.000000  0.159091  0.090909  0.000000  0.000000  0.000000  0.045455  0.000000 
 0.090909  0.000000  0.022727  0.045455  0.000000  0.000000  0.045455  0.068182  0.090909  0.045455  0.000000  0.045455  0.000000  0.000000  0.045455  0.045455  0.159091  0.113636  0.181818  0.000000 
 0.000000  0.000000  0.954545  0.000000  0.000000  0.000000  0.000000  0.000000  0.000000  0.000000  0.000000  0.000000  0.000000  0.045455  0.000000  0.000000  0.000000  0.000000  0.000000  0.000000 
 0.000000  0.000000  0.000000  0.000000  0.000000  0.000000  0.000000  0.000000  0.000000  0.000000  0.000000  0.000000  0.000000  0.000000  0.000000  0.000000  0.000000  0.000000  0.954545  0.045455 
 0.045455  0.000000  0.000000  0.068182  0.000000  0.000000  0.000000  0.000000  0.636364  0.000000  0.045455  0.068182  0.000000  0.022727  0.090909  0.022727  0.000000  0.000000  0.000000  0.000000 
 0.181818  0.000000  0.045455  0.000000  0.000000  0.000000  0.000000  0.181818  0.000000  0.045455  0.068182  0.227273  0.000000  0.159091  0.000000  0.000000  0.068182  0.022727  0.000000  0.000000 
 0.000000  0.000000  0.000000  0.000000  0.000000  0.000000  0.000000  0.454545  0.000000  0.022727  0.000000  0.000000  0.000000  0.000000  0.000000  0.000000  0.022727  0.500000  0.000000  0.000000 
 0.000000  0.000000  0.000000  0.181818  0.000000  0.000000  0.000000  0.000000  0.181818  0.000000  0.000000  0.022727  0.000000  0.090909  0.045455  0.045455  0.431818  0.000000  0.000000  0.000000 
 0.000000  0.045455  0.068182  0.000000  0.022727  0.000000  0.068182  0.022727  0.090909  0.068182  0.045455  0.022727  0.000000  0.000000  0.340909  0.000000  0.045455  0.000000  0.000000  0.159091 
 0.068182  0.000000  0.000000  0.204545  0.000000  0.000000  0.022727  0.022727  0.113636  0.000000  0.068182  0.000000  0.068182  0.090909  0.000000  0.090909  0.204545  0.000000  0.000000  0.045455 
 0.022727  0.000000  0.090909  0.386364  0.000000  0.045455  0.000000  0.000000  0.159091  0.000000  0.000000  0.136364  0.000000  0.090909  0.022727  0.022727  0.022727  0.000000  0.000000  0.000000 
 0.000000  0.000000  0.863636  0.045455  0.000000  0.000000  0.068182  0.000000  0.000000  0.000000  0.000000  0.000000  0.000000  0.000000  0.000000  0.000000  0.000000  0.000000  0.000000  0.022727 
 0.000000  0.000000  0.000000  0.000000  0.000000  0.000000  0.000000  0.000000  0.045455  0.000000  0.000000  0.000000  0.000000  0.250000  0.659091  0.000000  0.000000  0.000000  0.000000  0.045455 
 0.000000  0.000000  0.000000  0.318182  0.000000  0.000000  0.000000  0.068182  0.113636  0.000000  0.000000  0.045455  0.000000  0.363636  0.022727  0.045455  0.022727  0.000000  0.000000  0.000000 
 0.000000  0.000000  0.000000  0.000000  0.000000  0.000000  0.000000  0.477273  0.000000  0.113636  0.045455  0.000000  0.000000  0.000000  0.000000  0.000000  0.022727  0.340909  0.000000  0.000000 
 0.000000  0.000000  0.000000  0.000000  0.000000  0.000000  0.000000  0.000000  0.000000  0.000000  1.000000  0.000000  0.000000  0.000000  0.000000  0.000000  0.000000  0.000000  0.000000  0.000000 

MOTIF AfOr_Motif8
letter-probability matrix: alength= 20 w= 21 nsites= 96 E= 2.5e-476 
 0.000000  0.020833  0.000000  0.031250  0.010417  0.031250  0.020833  0.000000  0.020833  0.020833  0.010417  0.156250  0.041667  0.177083  0.041667  0.250000  0.166667  0.000000  0.000000  0.000000 
 0.031250  0.000000  0.000000  0.135417  0.010417  0.031250  0.000000  0.072917  0.020833  0.072917  0.062500  0.000000  0.145833  0.083333  0.041667  0.072917  0.010417  0.062500  0.000000  0.145833 
 0.010417  0.000000  0.000000  0.000000  0.041667  0.000000  0.000000  0.625000  0.000000  0.072917  0.052083  0.000000  0.010417  0.000000  0.000000  0.010417  0.020833  0.156250  0.000000  0.000000 
 0.052083  0.322917  0.000000  0.000000  0.093750  0.000000  0.000000  0.114583  0.000000  0.093750  0.020833  0.000000  0.000000  0.000000  0.000000  0.125000  0.031250  0.083333  0.000000  0.062500 
 0.000477  0.010730  0.000317  0.000442  0.511108  0.021200  0.000199  0.001255  0.000541  0.365805  0.000402  0.000507  0.000248  0.010756  0.000375  0.000733  0.000630  0.052755  0.000140  0.021379 
 0.010417  0.010417  0.000000  0.031250  0.020833  0.135417  0.000000  0.145833  0.000000  0.135417  0.187500  0.000000  0.000000  0.000000  0.000000  0.041667  0.052083  0.177083  0.010417  0.041667 
 0.000000  0.000000  0.031250  0.552083  0.000000  0.000000  0.020833  0.000000  0.000000  0.000000  0.000000  0.000000  0.000000  0.395833  0.000000  0.000000  0.000000  0.000000  0.000000  0.000000 
 0.010417  0.010417  0.000000  0.000000  0.197917  0.000000  0.000000  0.145833  0.000000  0.177083  0.218750  0.000000  0.000000  0.000000  0.000000  0.000000  0.010417  0.229167  0.000000  0.000000 
 0.010417  0.000000  0.000000  0.000000  0.260417  0.020833  0.000000  0.187500  0.000000  0.385417  0.020833  0.000000  0.000000  0.000000  0.000000  0.010417  0.010417  0.093750  0.000000  0.000000 
 0.010417  0.020833  0.010417  0.072917  0.031250  0.218750  0.000000  0.062500  0.166667  0.052083  0.062500  0.000000  0.000000  0.000000  0.020833  0.135417  0.031250  0.104167  0.000000  0.000000 
 0.010894  0.250314  0.000317  0.031692  0.136108  0.031617  0.000199  0.001255  0.000541  0.022055  0.000402  0.188007  0.000248  0.021173  0.000375  0.271567  0.011046  0.000672  0.000140  0.021379 
 0.041667  0.072917  0.000000  0.000000  0.000000  0.020833  0.000000  0.145833  0.000000  0.010417  0.062500  0.000000  0.000000  0.000000  0.000000  0.156250  0.437500  0.052083  0.000000  0.000000 
 0.010417  0.062500  0.000000  0.000000  0.093750  0.020833  0.000000  0.114583  0.000000  0.406250  0.062500  0.000000  0.000000  0.000000  0.000000  0.020833  0.020833  0.177083  0.000000  0.010417 
 0.010894  0.000314  0.041984  0.010859  0.000691  0.042033  0.010615  0.157505  0.010958  0.292888  0.010818  0.156757  0.000248  0.010756  0.000375  0.104900  0.031880  0.104838  0.000140  0.000546 
 0.010417  0.000000  0.000000  0.000000  0.010417  0.031250  0.000000  0.677083  0.000000  0.031250  0.145833  0.000000  0.000000  0.000000  0.000000  0.010417  0.041667  0.041667  0.000000  0.000000 
 0.000000  0.947917  0.000000  0.000000  0.000000  0.000000  0.000000  0.000000  0.000000  0.000000  0.000000  0.020833  0.000000  0.000000  0.000000  0.020833  0.010417  0.000000  0.000000  0.000000 
 0.000000  0.041667  0.000000  0.000000  0.187500  0.000000  0.000000  0.072917  0.000000  0.416667  0.166667  0.000000  0.000000  0.000000  0.000000  0.000000  0.052083  0.062500  0.000000  0.000000 
 0.020833  0.000000  0.072917  0.020833  0.104167  0.000000  0.000000  0.104167  0.000000  0.395833  0.000000  0.010417  0.031250  0.010417  0.000000  0.020833  0.062500  0.145833  0.000000  0.000000 
 0.020833  0.010417  0.000000  0.125000  0.000000  0.656250  0.000000  0.010417  0.010417  0.020833  0.000000  0.000000  0.000000  0.000000  0.000000  0.125000  0.000000  0.020833  0.000000  0.000000 
 0.000000  0.000000  0.000000  0.010417  0.218750  0.000000  0.000000  0.000000  0.010417  0.000000  0.000000  0.000000  0.000000  0.000000  0.000000  0.000000  0.000000  0.000000  0.000000  0.760417 
 0.010417  0.208333  0.010417  0.041667  0.010417  0.020833  0.000000  0.031250  0.010417  0.072917  0.000000  0.020833  0.000000  0.208333  0.010417  0.041667  0.000000  0.010417  0.000000  0.291667 

MOTIF AfOr_Motif9
letter-probability matrix: alength= 20 w= 15 nsites= 102 E= 6.8e-405 
 0.019608  0.000000  0.254902  0.029412  0.000000  0.000000  0.009804  0.019608  0.009804  0.009804  0.000000  0.196078  0.274510  0.049020  0.029412  0.058824  0.019608  0.019608  0.000000  0.000000 
 0.058824  0.000000  0.000000  0.107843  0.029412  0.000000  0.000000  0.117647  0.000000  0.176471  0.009804  0.000000  0.009804  0.009804  0.000000  0.000000  0.117647  0.343137  0.009804  0.009804 
 0.000000  0.009804  0.147059  0.019608  0.000000  0.029412  0.000000  0.000000  0.009804  0.029412  0.000000  0.117647  0.000000  0.215686  0.117647  0.166667  0.117647  0.000000  0.000000  0.019608 
 0.029412  0.000000  0.039216  0.049020  0.019608  0.000000  0.029412  0.078431  0.107843  0.029412  0.019608  0.009804  0.000000  0.039216  0.088235  0.039216  0.176471  0.137255  0.000000  0.107843 
 0.000000  0.000000  0.000000  0.009804  0.029412  0.000000  0.009804  0.000000  0.009804  0.000000  0.000000  0.107843  0.000000  0.000000  0.000000  0.558824  0.264706  0.009804  0.000000  0.000000 
 0.009804  0.000000  0.000000  0.000000  0.019608  0.000000  0.000000  0.000000  0.000000  0.019608  0.000000  0.000000  0.941176  0.000000  0.000000  0.000000  0.009804  0.000000  0.000000  0.000000 
 0.029412  0.009804  0.000000  0.000000  0.009804  0.088235  0.000000  0.176471  0.000000  0.029412  0.009804  0.107843  0.000000  0.000000  0.009804  0.009804  0.147059  0.088235  0.019608  0.264706 
 0.000000  0.000000  0.000000  0.000000  0.137255  0.000000  0.098039  0.009804  0.058824  0.000000  0.000000  0.156863  0.000000  0.000000  0.009804  0.009804  0.009804  0.000000  0.000000  0.509804 
 0.029412  0.000000  0.049020  0.784314  0.000000  0.019608  0.000000  0.039216  0.000000  0.000000  0.000000  0.000000  0.000000  0.000000  0.000000  0.039216  0.009804  0.029412  0.000000  0.000000 
 0.000000  0.000000  0.000000  0.000000  0.068627  0.000000  0.000000  0.764706  0.000000  0.107843  0.049020  0.000000  0.000000  0.000000  0.000000  0.000000  0.000000  0.000000  0.000000  0.009804 
 0.029412  0.009804  0.000000  0.000000  0.000000  0.000000  0.000000  0.352941  0.000000  0.098039  0.058824  0.000000  0.000000  0.000000  0.009804  0.019608  0.098039  0.323529  0.000000  0.000000 
 0.000000  0.000000  0.000000  0.000000  0.431373  0.000000  0.000000  0.058824  0.000000  0.156863  0.009804  0.000000  0.000000  0.009804  0.000000  0.000000  0.000000  0.029412  0.019608  0.284314 
 0.068627  0.039216  0.000000  0.000000  0.098039  0.127451  0.000000  0.186275  0.000000  0.117647  0.029412  0.000000  0.000000  0.000000  0.000000  0.049020  0.137255  0.147059  0.000000  0.000000 
 0.049020  0.000000  0.000000  0.000000  0.049020  0.009804  0.068627  0.274510  0.000000  0.264706  0.039216  0.000000  0.000000  0.049020  0.000000  0.068627  0.019608  0.088235  0.000000  0.019608 
 0.000000  0.000000  0.000000  0.039216  0.000000  0.000000  0.068627  0.000000  0.000000  0.000000  0.000000  0.009804  0.000000  0.882353  0.000000  0.000000  0.000000  0.000000  0.000000  0.000000 

MOTIF AfOr_Motif10
letter-probability matrix: alength= 20 w= 11 nsites= 142 E= 1.5e-270 
 0.260563  0.021127  0.000000  0.000000  0.000000  0.028169  0.000000  0.028169  0.000000  0.000000  0.007042  0.007042  0.014085  0.000000  0.007042  0.457746  0.091549  0.077465  0.000000  0.000000 
 0.098592  0.000000  0.000000  0.000000  0.464789  0.007042  0.000000  0.014085  0.000000  0.063380  0.133803  0.000000  0.000000  0.000000  0.000000  0.000000  0.007042  0.169014  0.000000  0.042254 
 0.225675  0.021339  0.000214  0.000299  0.000467  0.098839  0.000134  0.007891  0.000366  0.000826  0.000271  0.000343  0.000168  0.007272  0.000254  0.528665  0.021552  0.084961  0.000094  0.000369 
 0.021127  0.000000  0.000000  0.000000  0.070423  0.007042  0.000000  0.056338  0.021127  0.000000  0.000000  0.007042  0.000000  0.000000  0.000000  0.021127  0.021127  0.014085  0.000000  0.760563 
 0.007042  0.007042  0.000000  0.000000  0.394366  0.007042  0.000000  0.049296  0.000000  0.422535  0.042254  0.000000  0.000000  0.000000  0.007042  0.000000  0.007042  0.014085  0.000000  0.042254 
 0.021127  0.000000  0.028169  0.000000  0.000000  0.007042  0.000000  0.000000  0.000000  0.000000  0.035211  0.422535  0.014085  0.000000  0.000000  0.147887  0.323944  0.000000  0.000000  0.000000 
 0.056338  0.000000  0.000000  0.000000  0.091549  0.000000  0.000000  0.154930  0.000000  0.330986  0.126761  0.000000  0.000000  0.000000  0.000000  0.000000  0.021127  0.218310  0.000000  0.000000 
 0.000000  0.000000  0.000000  0.000000  0.014085  0.000000  0.000000  0.126761  0.000000  0.788732  0.070423  0.000000  0.000000  0.000000  0.000000  0.000000  0.000000  0.000000  0.000000  0.000000 
 0.007042  0.000000  0.000000  0.007042  0.000000  0.000000  0.014085  0.007042  0.077465  0.049296  0.028169  0.021127  0.000000  0.105634  0.528169  0.014085  0.007042  0.000000  0.000000  0.133803 
 0.126761  0.000000  0.007042  0.056338  0.000000  0.000000  0.028169  0.014085  0.028169  0.000000  0.000000  0.084507  0.000000  0.211268  0.021127  0.183099  0.161972  0.063380  0.007042  0.007042 
 0.021127  0.000000  0.000000  0.014085  0.014085  0.000000  0.007042  0.161972  0.007042  0.112676  0.197183  0.035211  0.000000  0.014085  0.049296  0.070423  0.119718  0.169014  0.007042  0.000000 
